for4 - 19
154pt / PASS : 350

Cipher II : What is it?

0100111001010110010000110101010001000110010001000101
0110001000000100101101000110001000000100101001001100
0100010101011010010001010101001001001011010100100100
1010001000000101001001000101010101010010000001001011
0100011001010101010100100101000000100000010110100100
1010001000000101001000100000010110000100011001000110
0101010100100000010101010101001001010000001000000101
0010010001010101010100100000010100100100110001001011
0101100101000010010101100101000000100000010110100100
1010001000000100011101000011010100100101101001010101
0101010001001011010101110101101001001010010011010101
0110010010010101000001011001010100100100100101010101
---------------------------------------
0100 1110 0101 0110 0100 0011 0101 0100 0100 0110 0100 0100 0101
0110 0010 0000 0100 1011 0100 0110 0010 0000 0100 1010 0100 1100
0100 0101 0101 1010 0100 0101 0101 0010 0100 1011 0101 0010 0100
1010 0010 0000 0101 0010 0100 0101 0101 0101 0010 0000 0100 1011
0100 0110 0101 0101 0101 0010 0101 0000 0010 0000 0101 1010 0100
1010 0010 0000 0101 0010 0010 0000 0101 1000 0100 0110 0100 0110
0101 0101 0010 0000 0101 0101 0101 0010 0101 0000 0010 0000 0101
0010 0100 0101 0101 0101 0010 0000 0101 0010 0100 1100 0100 1011
0101 1001 0100 0010 0101 0110 0101 0000 0010 0000 0101 1010 0100
1010 0010 0000 0100 0111 0100 0011 0101 0010 0101 1010 0101 0101
0101 0100 0100 1011 0101 0111 0101 1010 0100 1010 0100 1101 0101
0110 0100 1001 0101 0000 0101 1001 0101 0010 0100 1001 0101 0101


